Link Mask0b1111011110

____HOLES MODE____

test channel 53
 group selected 1 


......Setting ADC reference potentials ......


ADC Reference potentials
VRef_N: 42
VRef_P: 54
VRef_T: 128 

......Setting FAST disc reference potential ...... 

FAST Reference potentials
Thr2_global: 39

Vref_n 42
Vref_p 54
Vref_t 128
Thr2_glb 39
test thr 128
fast: 3874

Resetting front-end channels 
Resetting ADC counters
Reset channel fifos
test charge 30 31 32 33 34 35 36 37 38 39 40 41 42 43 44 45 46 47 48 49 50 51 52 53 54 55 56 57 58 59 60 61 62 63 64 65 66 67 68 69 70 71 72 73 74 75 76 77 78 79 80 81 82 83 84 85 86 87 88 89
chrg  30    0    0    0    0    0    0    0    0    0    0    0    0    0    0    0    0    0    0    0    0    0    0    0    0    0    0    0    0    0    0    0    0  
chrg  31    0    0    0    0    0    0    0    0    0    0    0    0    0    0    0    0    0    0    0    0    0    0    0    0    0    0    0    0    0    0    0    0  
chrg  32    0    0    0    0    0    0    0    0    0    0    0    0    0    0    0    0    0    0    0    0    0    0    0    0    0    0    0    0    0    0    0    0  
chrg  33    0    0    0    0    0    0    0    0    0    0    0    0    0    0    0    0    0    0    0    0    0    0    0    0    0    0    0    0    0    0    0    1  
chrg  34    0    0    0    0    0    0    0    0    0    0    0    0    0    0    0    0    0    0    0    0    0    0    0    0    0    0    0    0    0    0    0    5  
chrg  35    0    0    0    0    0    0    0    0    0    0    0    0    0    0    0    0    0    0    0    0    0    0    0    0    0    0    0    0    0    1    1   34  
chrg  36    0    0    0    0    0    0    0    0    0    0    0    0    0    0    0    0    0    0    0    0    0    0    0    0    0    0    0    0    0   13   18  109  
chrg  37    0    0    0    0    0    0    0    0    0    0    0    0    0    0    0    0    0    0    0    0    0    0    0    0    0    0    0    0   13   72  107  269  
chrg  38    0    0    0    0    0    0    0    0    0    0    0    0    0    0    0    0    0    0    0    0    0    0    0    0    0    0    0    0   60  222  292  546  
chrg  39    0    0    0    0    0    0    0    0    0    0    0    0    0    0    0    0    0    0    0    0    0    0    0    0    0    0    0    9  206  543  595  754  
chrg  40    0    0    0    0    0    0    0    0    0    0    0    0    0    0    0    0    0    0    0    0    0    0    0    0    0    2    6   69  518  831  882  920  
chrg  41    0    0    0    0    0    0    0    0    0    0    0    0    0    0    0    0    0    0    0    0    0    0    0    0    0   11   52  289  807  958  978  979  
chrg  42    0    0    0    0    0    0    0    0    0    0    0    0    0    0    0    0    0    0    0    0    0    0    0    0    3   83  234  650  974  998  999  997  
chrg  43    0    0    0    0    0    0    0    0    0    0    0    0    0    0    0    0    0    0    0    0    0    0    0    1   31  313  546  868  994 1000 1000 1000  
chrg  44    0    0    0    0    0    0    0    0    0    0    0    0    0    0    0    0    0    0    0    0    0    0    2    7  167  658  850  982 1000 1000 1000 1000  
chrg  45    0    0    0    0    0    0    0    0    0    0    0    0    0    0    0    0    0    0    0    0    0    0   10   81  472  908  973  999 1000 1000 1000 1000  
chrg  46    0    0    0    0    0    0    0    0    0    0    0    0    0    0    0    0    0    0    0    0    0    6  105  330  791  988 1000 1000 1000 1000 1000 1000  
chrg  47    0    0    0    0    0    0    0    0    0    0    0    0    0    0    0    0    0    0    0    0    0   29  334  672  946 1000 1000 1000 1000 1000 1000 1000  
chrg  48    0    0    0    0    0    0    0    0    0    0    0    0    0    0    0    0    0    0    0    6   14  158  696  906  998 1000 1000 1000 1000 1000 1000 1000  
chrg  49    0    0    0    0    0    0    0    0    0    0    0    0    0    0    0    0    0    0    5   30  116  434  925  985 1000 1000 1000 1000 1000 1000 1000 1000  
chrg  50    0    0    0    0    0    0    0    0    0    0    0    0    0    0    0    0    0    2   53  188  329  759  986  998 1000 1000 1000 1000 1000 1000 1000 1000  
chrg  51    0    0    0    0    0    0    0    0    0    0    0    0    0    0    0    0    0   23  263  465  676  959  999 1000 1000 1000 1000 1000 1000 1000 1000 1000  
chrg  52    0    0    0    0    0    0    0    0    0    0    0    0    0    0    0    0    5  146  618  811  919  997 1000 1000 1000 1000 1000 1000 1000 1000 1000 1000  
chrg  53    0    0    0    0    0    0    0    0    0    0    0    0    0    0    0   15   67  427  874  952  981  999 1000 1000 1000 1000 1000 1000 1000 1000 1000 1000  
chrg  54    0    0    0    0    0    0    0    0    0    0    0    0    0    0    4   63  216  763  978  996  999 1000 1000 1000 1000 1000 1000 1000 1000 1000 1000 1000  
chrg  55    0    0    0    0    0    0    0    0    0    0    0    0    0    0   30  270  553  942  997 1000 1000 1000 1000 1000 1000 1000 1000 1000 1000 1000 1000 1000  
chrg  56    0    0    0    0    0    0    0    0    0    0    0    0    0   10  175  610  831  992 1000 1000 1000 1000 1000 1000 1000 1000 1000 1000 1000 1000 1000 1000  
chrg  57    0    0    0    0    0    0    0    0    0    0    0    0    7   76  468  908  969  999 1000 1000 1000 1000 1000 1000 1000 1000 1000 1000 1000 1000 1000 1000  
chrg  58    0    0    0    0    0    0    0    0    0    0    0    2   62  320  789  988 1000 1000 1000 1000 1000 1000 1000 1000 1000 1000 1000 1000 1000 1000 1000 1000  
chrg  59    0    0    0    0    0    0    0    0    0    1    2   57  262  650  957  995 1000 1000 1000 1000 1000 1000 1000 1000 1000 1000 1000 1000 1000 1000 1000 1000  
chrg  60    0    0    0    0    0    0    0    0    0    6   23  209  583  892  995 1000 1000 1000 1000 1000 1000 1000 1000 1000 1000 1000 1000 1000 1000 1000 1000 1000  
chrg  61    0    0    0    0    0    0    0    0    1   58  144  540  825  980 1000 1000 1000 1000 1000 1000 1000 1000 1000 1000 1000 1000 1000 1000 1000 1000 1000 1000  
chrg  62    0    0    0    0    0    0    0    3   20  222  369  839  961  999 1000 1000 1000 1000 1000 1000 1000 1000 1000 1000 1000 1000 1000 1000 1000 1000 1000 1000  
chrg  63    0    0    0    0    0    0    1   18  110  579  737  971  998  999 1000 1000 1000 1000 1000 1000 1000 1000 1000 1000 1000 1000 1000 1000 1000 1000 1000 1000  
chrg  64    0    0    0    0    0    0    7  130  380  877  940  996 1000 1000 1000 1000 1000 1000 1000 1000 1000 1000 1000 1000 1000 1000 1000 1000 1000 1000 1000 1000  
chrg  65    0    0    0    0    0    7   71  433  734  978  989 1000 1000 1000 1000 1000 1000 1000 1000 1000 1000 1000 1000 1000 1000 1000 1000 1000 1000 1000 1000 1000  
chrg  66    0    0    0    0    1   68  250  744  927  999  999 1000 1000 1000 1000 1000 1000 1000 1000 1000 1000 1000 1000 1000 1000 1000 1000 1000 1000 1000 1000 1000  
chrg  67    0    0    0    0    8  280  566  920  985 1000 1000 1000 1000 1000 1000 1000 1000 1000 1000 1000 1000 1000 1000 1000 1000 1000 1000 1000 1000 1000 1000 1000  
chrg  68    0    0    0    5   38  568  860  993 1000 1000 1000 1000 1000 1000 1000 1000 1000 1000 1000 1000 1000 1000 1000 1000 1000 1000 1000 1000 1000 1000 1000 1000  
chrg  69    0    0    8   56  223  833  973 1000 1000 1000 1000 1000 1000 1000 1000 1000 1000 1000 1000 1000 1000 1000 1000 1000 1000 1000 1000 1000 1000 1000 1000 1000  
chrg  70    0    2   61  229  549  963  996 1000 1000 1000 1000 1000 1000 1000 1000 1000 1000 1000 1000 1000 1000 1000 1000 1000 1000 1000 1000 1000 1000 1000 1000 1000  
chrg  71    0   13  234  578  857  999 1000 1000 1000 1000 1000 1000 1000 1000 1000 1000 1000 1000 1000 1000 1000 1000 1000 1000 1000 1000 1000 1000 1000 1000 1000 1000  
chrg  72    4   71  536  834  973 1000 1000 1000 1000 1000 1000 1000 1000 1000 1000 1000 1000 1000 1000 1000 1000 1000 1000 1000 1000 1000 1000 1000 1000 1000 1000 1000  
chrg  73   27  274  829  966  998 1000 1000 1000 1000 1000 1000 1000 1000 1000 1000 1000 1000 1000 1000 1000 1000 1000 1000 1000 1000 1000 1000 1000 1000 1000 1000 1000  
chrg  74  127  615  973  999 1000 1000 1000 1000 1000 1000 1000 1000 1000 1000 1000 1000 1000 1000 1000 1000 1000 1000 1000 1000 1000 1000 1000 1000 1000 1000 1000 1000  
chrg  75  419  874  999 1000 1000 1000 1000 1000 1000 1000 1000 1000 1000 1000 1000 1000 1000 1000 1000 1000 1000 1000 1000 1000 1000 1000 1000 1000 1000 1000 1000 1000  
chrg  76  753  979  999 1000 1000 1000 1000 1000 1000 1000 1000 1000 1000 1000 1000 1000 1000 1000 1000 1000 1000 1000 1000 1000 1000 1000 1000 1000 1000 1000 1000 1000  
chrg  77  940  998 1000 1000 1000 1000 1000 1000 1000 1000 1000 1000 1000 1000 1000 1000 1000 1000 1000 1000 1000 1000 1000 1000 1000 1000 1000 1000 1000 1000 1000 1000  
chrg  78  991 1000 1000 1000 1000 1000 1000 1000 1000 1000 1000 1000 1000 1000 1000 1000 1000 1000 1000 1000 1000 1000 1000 1000 1000 1000 1000 1000 1000 1000 1000 1000  
chrg  79 1000 1000 1000 1000 1000 1000 1000 1000 1000 1000 1000 1000 1000 1000 1000 1000 1000 1000 1000 1000 1000 1000 1000 1000 1000 1000 1000 1000 1000 1000 1000 1000  
chrg  80 1000 1000 1000 1000 1000 1000 1000 1000 1000 1000 1000 1000 1000 1000 1000 1000 1000 1000 1000 1000 1000 1000 1000 1000 1000 1000 1000 1000 1000 1000 1000 1000  
chrg  81 1000 1000 1000 1000 1000 1000 1000 1000 1000 1000 1000 1000 1000 1000 1000 1000 1000 1000 1000 1000 1000 1000 1000 1000 1000 1000 1000 1000 1000 1000 1000 1000  
chrg  82 1000 1000 1000 1000 1000 1000 1000 1000 1000 1000 1000 1000 1000 1000 1000 1000 1000 1000 1000 1000 1000 1000 1000 1000 1000 1000 1000 1000 1000 1000 1000 1000  
chrg  83 1000 1000 1000 1000 1000 1000 1000 1000 1000 1000 1000 1000 1000 1000 1000 1000 1000 1000 1000 1000 1000 1000 1000 1000 1000 1000 1000 1000 1000 1000 1000 1000  
chrg  84 1000 1000 1000 1000 1000 1000 1000 1000 1000 1000 1000 1000 1000 1000 1000 1000 1000 1000 1000 1000 1000 1000 1000 1000 1000 1000 1000 1000 1000 1000 1000 1000  
chrg  85 1000 1000 1000 1000 1000 1000 1000 1000 1000 1000 1000 1000 1000 1000 1000 1000 1000 1000 1000 1000 1000 1000 1000 1000 1000 1000 1000 1000 1000 1000 1000 1000  
chrg  86 1000 1000 1000 1000 1000 1000 1000 1000 1000 1000 1000 1000 1000 1000 1000 1000 1000 1000 1000 1000 1000 1000 1000 1000 1000 1000 1000 1000 1000 1000 1000 1000  
chrg  87 1000 1000 1000 1000 1000 1000 1000 1000 1000 1000 1000 1000 1000 1000 1000 1000 1000 1000 1000 1000 1000 1000 1000 1000 1000 1000 1000 1000 1000 1000 1000 1000  
chrg  88 1000 1000 1000 1000 1000 1000 1000 1000 1000 1000 1000 1000 1000 1000 1000 1000 1000 1000 1000 1000 1000 1000 1000 1000 1000 1000 1000 1000 1000 1000 1000 1000  
chrg  89 1000 1000 1000 1000 1000 1000 1000 1000 1000 1000 1000 1000 1000 1000 1000 1000 1000 1000 1000 1000 1000 1000 1000 1000 1000 1000 1000 1000 1000 1000 1000 1000  

