Link Mask0b1111011110

____HOLES MODE____

test channel 37
 group selected 1 


......Setting ADC reference potentials ......


ADC Reference potentials
VRef_N: 46
VRef_P: 58
VRef_T: 128 

......Setting FAST disc reference potential ...... 

FAST Reference potentials
Thr2_global: 39

Vref_n 46
Vref_p 58
Vref_t 128
Thr2_glb 39
test thr 128
fast: 3856

Resetting front-end channels 
Resetting ADC counters
Reset channel fifos
test charge 25 26 27 28 29 30 31 32 33 34 35 36 37 38 39 40 41 42 43 44 45 46 47 48 49 50 51 52 53 54 55 56 57 58 59 60 61 62 63 64 65 66 67 68 69 70 71 72 73 74
chrg  25    0    0    0    0    0    0    0    0    0    0    0    0    0    0    0    0    0    0    0    0    0    0    0    0    0    0    0    0    0    0    0    0  
chrg  26    0    0    0    0    0    0    0    0    0    0    0    0    0    0    0    0    0    0    0    0    0    0    0    0    0    0    0    0    0    0    0    0  
chrg  27    0    0    0    0    0    0    0    0    0    0    0    0    0    0    0    0    0    0    0    0    0    0    0    0    0    0    0    0    0    0    0    0  
chrg  28    0    0    0    0    0    0    0    0    0    0    0    0    0    0    0    0    0    0    0    0    0    0    0    0    0    0    0    0    0    0    0    0  
chrg  29    0    0    0    0    0    0    0    0    0    0    0    0    0    0    0    0    0    0    0    0    0    0    0    0    0    0    0    0    0    0    0    0  
chrg  30    0    0    0    0    0    0    0    0    0    0    0    0    0    0    0    0    0    0    0    0    0    0    0    0    0    0    0    0    0    0    0    0  
chrg  31    0    0    0    0    0    0    0    0    0    0    0    0    0    0    0    0    0    0    0    0    0    0    0    0    0    0    0    0    0    1    2    0  
chrg  32    0    0    0    0    0    0    0    0    0    0    0    0    0    0    0    0    0    0    0    0    0    0    0    0    0    0    0    0    0    0   22    0  
chrg  33    0    0    0    0    0    0    0    0    0    0    0    0    0    0    0    0    0    0    0    0    0    0    0    0    0    0    0    0    1    7  120    0  
chrg  34    0    0    0    0    0    0    0    0    0    0    0    0    0    0    0    0    0    0    0    0    0    0    0    0    0    0    0    1   15   45  302    0  
chrg  35    0    0    0    0    0    0    0    0    0    0    0    0    0    0    0    0    0    0    0    0    0    0    0    0    0    0    2   15  121  235  689    0  
chrg  36    0    0    0    0    0    0    0    0    0    0    0    0    0    0    0    0    0    0    0    0    0    0    0    0    0    1   11   90  373  552  922   14  
chrg  37    0    0    0    0    0    0    0    0    0    0    0    0    0    0    0    0    0    0    0    0    0    0    0    0    0    4   57  307  711  844  987   33  
chrg  38    0    0    0    0    0    0    0    0    0    0    0    0    0    0    0    0    0    0    0    0    0    0    0    0    0   34  258  649  921  969 1000  122  
chrg  39    0    0    0    0    0    0    0    0    0    0    0    0    0    0    0    0    0    0    0    0    0    0    1    3   30  142  572  882  989  998 1000  302  
chrg  40    0    0    0    0    0    0    0    0    0    0    0    0    0    0    0    0    0    0    0    0    0    0    6    9  110  334  810  980  999  999 1000  538  
chrg  41    0    0    0    0    0    0    0    0    0    0    0    0    0    0    0    0    0    0    0    0    1    5   45   86  355  688  951  995 1000 1000 1000  735  
chrg  42    0    0    0    0    0    0    0    0    0    0    0    0    0    0    0    0    0    0    0    0    0   32  175  304  661  904  993 1000 1000 1000 1000  911  
chrg  43    0    0    0    0    0    0    0    0    0    0    0    0    0    0    0    0    0    0    0    4   32  172  496  636  910  989 1000 1000 1000 1000 1000  981  
chrg  44    0    0    0    0    0    0    0    0    0    0    0    0    0    0    0    0    0    0    1   32  139  486  808  896  989  998 1000 1000 1000 1000 1000  995  
chrg  45    0    0    0    0    0    0    0    0    0    0    0    0    0    0    0    0    0    0   30  154  417  796  951  982  999 1000 1000 1000 1000 1000 1000 1000  
chrg  46    0    0    0    0    0    0    0    0    0    0    0    0    0    0    0    0    3   21  163  449  758  964  999  999 1000 1000 1000 1000 1000 1000 1000  999  
chrg  47    0    0    0    0    0    0    0    0    0    0    0    0    0    0    0    2   41  132  462  793  952  996  999 1000 1000 1000 1000 1000 1000 1000 1000 1000  
chrg  48    0    0    0    0    0    0    0    0    0    0    0    0    0    1    6   15  199  392  809  948  991 1000 1000 1000 1000 1000 1000 1000 1000 1000 1000 1000  
chrg  49    0    0    0    0    0    0    0    0    0    0    0    0    0    4   33   97  522  726  952  995 1000 1000 1000 1000 1000 1000 1000 1000 1000 1000 1000 1000  
chrg  50    0    0    0    0    0    0    0    0    0    0    0    0    0   34  180  337  837  938  997 1000 1000 1000 1000 1000 1000 1000 1000 1000 1000 1000 1000 1000  
chrg  51    0    0    0    0    0    0    0    0    0    0    0    1   13  210  489  679  975  998  999 1000 1000 1000 1000 1000 1000 1000 1000 1000 1000 1000 1000 1000  
chrg  52    0    0    0    0    0    0    0    0    0    0    5   19   92  494  793  908  997 1000 1000 1000 1000 1000 1000 1000 1000 1000 1000 1000 1000 1000 1000 1000  
chrg  53    0    0    0    0    0    0    0    0    0    0   25  134  346  830  962  991  999 1000 1000 1000 1000 1000 1000 1000 1000 1000 1000 1000 1000 1000 1000 1000  
chrg  54    0    0    0    0    0    0    0    0    8    4  158  415  655  955  992  999 1000 1000 1000 1000 1000 1000 1000 1000 1000 1000 1000 1000 1000 1000 1000 1000  
chrg  55    0    0    0    0    0    0    1    3   76   60  456  761  912  997 1000 1000 1000 1000 1000 1000 1000 1000 1000 1000 1000 1000 1000 1000 1000 1000 1000 1000  
chrg  56    0    0    0    0    0    1   15   31  304  246  776  943  982 1000 1000 1000 1000 1000 1000 1000 1000 1000 1000 1000 1000 1000 1000 1000 1000 1000 1000 1000  
chrg  57    0    0    0    0    0   15   90  131  614  548  942  994  999 1000 1000 1000 1000 1000 1000 1000 1000 1000 1000 1000 1000 1000 1000 1000 1000 1000 1000 1000  
chrg  58    0    0    0    0    6   81  310  419  888  848  993 1000 1000 1000 1000 1000 1000 1000 1000 1000 1000 1000 1000 1000 1000 1000 1000 1000 1000 1000 1000 1000  
chrg  59    0    0    0    5   38  283  635  761  978  973 1000 1000 1000 1000 1000 1000 1000 1000 1000 1000 1000 1000 1000 1000 1000 1000 1000 1000 1000 1000 1000 1000  
chrg  60    0    0    1   39  191  640  898  944  998  995 1000 1000 1000 1000 1000 1000 1000 1000 1000 1000 1000 1000 1000 1000 1000 1000 1000 1000 1000 1000 1000 1000  
chrg  61    0    0   20  171  474  864  975  992 1000 1000 1000 1000 1000 1000 1000 1000 1000 1000 1000 1000 1000 1000 1000 1000 1000 1000 1000 1000 1000 1000 1000 1000  
chrg  62    6    7  114  518  800  975  996  997 1000 1000 1000 1000 1000 1000 1000 1000 1000 1000 1000 1000 1000 1000 1000 1000 1000 1000 1000 1000 1000 1000 1000 1000  
chrg  63   46   62  405  820  966 1000 1000 1000 1000 1000 1000 1000 1000 1000 1000 1000 1000 1000 1000 1000 1000 1000 1000 1000 1000 1000 1000 1000 1000 1000 1000 1000  
chrg  64  241  280  721  969  998 1000 1000 1000 1000 1000 1000 1000 1000 1000 1000 1000 1000 1000 1000 1000 1000 1000 1000 1000 1000 1000 1000 1000 1000 1000 1000 1000  
chrg  65  590  647  936  995 1000 1000 1000 1000 1000 1000 1000 1000 1000 1000 1000 1000 1000 1000 1000 1000 1000 1000 1000 1000 1000 1000 1000 1000 1000 1000 1000 1000  
chrg  66  835  867  983 1000 1000 1000 1000 1000 1000 1000 1000 1000 1000 1000 1000 1000 1000 1000 1000 1000 1000 1000 1000 1000 1000 1000 1000 1000 1000 1000 1000 1000  
chrg  67  972  979 1000 1000 1000 1000 1000 1000 1000 1000 1000 1000 1000 1000 1000 1000 1000 1000 1000 1000 1000 1000 1000 1000 1000 1000 1000 1000 1000 1000 1000 1000  
chrg  68  998  998 1000 1000 1000 1000 1000 1000 1000 1000 1000 1000 1000 1000 1000 1000 1000 1000 1000 1000 1000 1000 1000 1000 1000 1000 1000 1000 1000 1000 1000 1000  
chrg  69 1000 1000 1000 1000 1000 1000 1000 1000 1000 1000 1000 1000 1000 1000 1000 1000 1000 1000 1000 1000 1000 1000 1000 1000 1000 1000 1000 1000 1000 1000 1000 1000  
chrg  70 1000 1000 1000 1000 1000 1000 1000 1000 1000 1000 1000 1000 1000 1000 1000 1000 1000 1000 1000 1000 1000 1000 1000 1000 1000 1000 1000 1000 1000 1000 1000 1000  
chrg  71 1000 1000 1000 1000 1000 1000 1000 1000 1000 1000 1000 1000 1000 1000 1000 1000 1000 1000 1000 1000 1000 1000 1000 1000 1000 1000 1000 1000 1000 1000 1000 1000  
chrg  72 1000 1000 1000 1000 1000 1000 1000 1000 1000 1000 1000 1000 1000 1000 1000 1000 1000 1000 1000 1000 1000 1000 1000 1000 1000 1000 1000 1000 1000 1000 1000 1000  
chrg  73 1000 1000 1000 1000 1000 1000 1000 1000 1000 1000 1000 1000 1000 1000 1000 1000 1000 1000 1000 1000 1000 1000 1000 1000 1000 1000 1000 1000 1000 1000 1000 1000  
chrg  74 1000 1000 1000 1000 1000 1000 1000 1000 1000 1000 1000 1000 1000 1000 1000 1000 1000 1000 1000 1000 1000 1000 1000 1000 1000 1000 1000 1000 1000 1000 1000 1000  

