Link Mask0b1111011110

____HOLES MODE____

test channel 37
 group selected 1 


......Setting ADC reference potentials ......


ADC Reference potentials
VRef_N: 44
VRef_P: 58
VRef_T: 128 

......Setting FAST disc reference potential ...... 

FAST Reference potentials
Thr2_global: 39

Vref_n 44
Vref_p 58
Vref_t 128
Thr2_glb 39
test thr 128
fast: 3856

Resetting front-end channels 
Resetting ADC counters
Reset channel fifos
test charge 25 26 27 28 29 30 31 32 33 34 35 36 37 38 39 40 41 42 43 44 45 46 47 48 49 50 51 52 53 54 55 56 57 58 59 60 61 62 63 64 65 66 67 68 69 70 71 72 73 74 75 76 77 78 79 80 81 82 83 84
chrg  25    0    0    0    0    0    0    0    0    0    0    0    0    0    0    0    0    0    0    0    0    0    0    0    0    0    0    0    0    0    0    0    0  
chrg  26    0    0    0    0    0    0    0    0    0    0    0    0    0    0    0    0    0    0    0    0    0    0    0    0    0    0    0    0    0    0    0    0  
chrg  27    0    0    0    0    0    0    0    0    0    0    0    0    0    0    0    0    0    0    0    0    0    0    0    0    0    0    0    0    0    0    0    0  
chrg  28    0    0    0    0    0    0    0    0    0    0    0    0    0    0    0    0    0    0    0    0    0    0    0    0    0    0    0    0    0    0    0    0  
chrg  29    0    0    0    0    0    0    0    0    0    0    0    0    0    0    0    0    0    0    0    0    0    0    0    0    0    0    0    0    0    0    0    0  
chrg  30    0    0    0    0    0    0    0    0    0    0    0    0    0    0    0    0    0    0    0    0    0    0    0    0    0    0    0    0    0    0    0    0  
chrg  31    0    0    0    0    0    0    0    0    0    0    0    0    0    0    0    0    0    0    0    0    0    0    0    0    0    0    0    0    0    0    0    0  
chrg  32    0    0    0    0    0    0    0    0    0    0    0    0    0    0    0    0    0    0    0    0    0    0    0    0    0    0    0    0    0    0   10    0  
chrg  33    0    0    0    0    0    0    0    0    0    0    0    0    0    0    0    0    0    0    0    0    0    0    0    0    0    0    0    0    1    1   75    0  
chrg  34    0    0    0    0    0    0    0    0    0    0    0    0    0    0    0    0    0    0    0    0    0    0    0    0    0    0    0    0    3   19  316    0  
chrg  35    0    0    0    0    0    0    0    0    0    0    0    0    0    0    0    0    0    0    0    0    0    0    0    0    0    0    0    0   25  120  647    3  
chrg  36    0    0    0    0    0    0    0    0    0    0    0    0    0    0    0    0    0    0    0    0    0    0    0    0    0    0    0    6  121  361  885    6  
chrg  37    0    0    0    0    0    0    0    0    0    0    0    0    0    0    0    0    0    0    0    0    0    0    0    0    0    0    2   55  378  674  985   33  
chrg  38    0    0    0    0    0    0    0    0    0    0    0    0    0    0    0    0    0    0    0    0    0    0    0    0    0    0   13  257  725  912  998  124  
chrg  39    0    0    0    0    0    0    0    0    0    0    0    0    0    0    0    0    0    0    0    0    0    0    0    0    0    0   79  539  923  984 1000  300  
chrg  40    0    0    0    0    0    0    0    0    0    0    0    0    0    0    0    0    0    0    0    0    0    0    0    0    0   24  299  831  986  997 1000  523  
chrg  41    0    0    0    0    0    0    0    0    0    0    0    0    0    0    0    0    0    0    0    0    0    0    0    0    6   90  571  953  998 1000 1000  755  
chrg  42    0    0    0    0    0    0    0    0    0    0    0    0    0    0    0    0    0    0    0    0    0    0    0    2   36  273  852  993 1000 1000 1000  912  
chrg  43    0    0    0    0    0    0    0    0    0    0    0    0    0    0    0    0    0    0    0    0    0    0    0    8  223  602  968 1000 1000 1000 1000  970  
chrg  44    0    0    0    0    0    0    0    0    0    0    0    0    0    0    0    0    0    0    0    0    0    2   22   96  532  864  996 1000 1000 1000 1000  994  
chrg  45    0    0    0    0    0    0    0    0    0    0    0    0    0    0    0    0    0    0    0    0    0   10   96  344  816  990 1000 1000 1000 1000 1000 1000  
chrg  46    0    0    0    0    0    0    0    0    0    0    0    0    0    0    0    0    0    0    0    0    2   89  362  684  968  998 1000 1000 1000 1000 1000 1000  
chrg  47    0    0    0    0    0    0    0    0    0    0    0    0    0    0    0    0    0    0    0    2   38  319  698  913  995 1000 1000 1000 1000 1000 1000 1000  
chrg  48    0    0    0    0    0    0    0    0    0    0    0    0    0    0    0    0    0    0    0   16  182  695  932  985 1000 1000 1000 1000 1000 1000 1000 1000  
chrg  49    0    0    0    0    0    0    0    0    0    0    0    0    0    0    0    0    0    0    2   84  446  910  995 1000 1000 1000 1000 1000 1000 1000 1000 1000  
chrg  50    0    0    0    0    0    0    0    0    0    0    0    0    0    0    0    0    0    0   54  336  760  987  999 1000 1000 1000 1000 1000 1000 1000 1000 1000  
chrg  51    0    0    0    0    0    0    0    0    0    0    0    0    0    0    0    0    1   29  251  681  949  999 1000 1000 1000 1000 1000 1000 1000 1000 1000 1000  
chrg  52    0    0    0    0    0    0    0    0    0    0    0    0    0    0    0    0   19  131  584  906  996 1000 1000 1000 1000 1000 1000 1000 1000 1000 1000 1000  
chrg  53    0    0    0    0    0    0    0    0    0    0    0    0    0    0    0    2  105  369  848  987  999 1000 1000 1000 1000 1000 1000 1000 1000 1000 1000 1000  
chrg  54    0    0    0    0    0    0    0    0    0    0    0    0    0    0    2   24  347  712  978 1000 1000 1000 1000 1000 1000 1000 1000 1000 1000 1000 1000 1000  
chrg  55    0    0    0    0    0    0    0    0    0    0    0    0    0    2   22  123  691  932  998 1000 1000 1000 1000 1000 1000 1000 1000 1000 1000 1000 1000 1000  
chrg  56    0    0    0    0    0    0    0    0    0    0    0    0    0   11  121  373  901  991 1000 1000 1000 1000 1000 1000 1000 1000 1000 1000 1000 1000 1000 1000  
chrg  57    0    0    0    0    0    0    0    0    0    0    0    0    0   66  378  718  997 1000 1000 1000 1000 1000 1000 1000 1000 1000 1000 1000 1000 1000 1000 1000  
chrg  58    0    0    0    0    0    0    0    0    0    0    0    1   15  271  706  928 1000 1000 1000 1000 1000 1000 1000 1000 1000 1000 1000 1000 1000 1000 1000 1000  
chrg  59    0    0    0    0    0    0    0    0    0    0    2   17  122  629  932  984 1000 1000 1000 1000 1000 1000 1000 1000 1000 1000 1000 1000 1000 1000 1000 1000  
chrg  60    0    0    0    0    0    0    0    0    0    0    5   98  351  892  987 1000 1000 1000 1000 1000 1000 1000 1000 1000 1000 1000 1000 1000 1000 1000 1000 1000  
chrg  61    0    0    0    0    0    0    0    0    0    1   61  327  673  979 1000 1000 1000 1000 1000 1000 1000 1000 1000 1000 1000 1000 1000 1000 1000 1000 1000 1000  
chrg  62    0    0    0    0    0    0    0    0    4    8  242  676  918  998 1000 1000 1000 1000 1000 1000 1000 1000 1000 1000 1000 1000 1000 1000 1000 1000 1000 1000  
chrg  63    0    0    0    0    0    0    1    1   28   60  571  898  982 1000 1000 1000 1000 1000 1000 1000 1000 1000 1000 1000 1000 1000 1000 1000 1000 1000 1000 1000  
chrg  64    0    0    0    0    0    0    2    8  197  271  871  985  998 1000 1000 1000 1000 1000 1000 1000 1000 1000 1000 1000 1000 1000 1000 1000 1000 1000 1000 1000  
chrg  65    0    0    0    0    0    0   14   61  509  588  969  998 1000 1000 1000 1000 1000 1000 1000 1000 1000 1000 1000 1000 1000 1000 1000 1000 1000 1000 1000 1000  
chrg  66    0    0    0    0    0    7  106  281  820  872  995 1000 1000 1000 1000 1000 1000 1000 1000 1000 1000 1000 1000 1000 1000 1000 1000 1000 1000 1000 1000 1000  
chrg  67    0    0    0    0    0   35  278  572  953  967 1000 1000 1000 1000 1000 1000 1000 1000 1000 1000 1000 1000 1000 1000 1000 1000 1000 1000 1000 1000 1000 1000  
chrg  68    0    0    0    0    9  172  613  864  994  997 1000 1000 1000 1000 1000 1000 1000 1000 1000 1000 1000 1000 1000 1000 1000 1000 1000 1000 1000 1000 1000 1000  
chrg  69    0    0    0    7   78  491  891  979 1000 1000 1000 1000 1000 1000 1000 1000 1000 1000 1000 1000 1000 1000 1000 1000 1000 1000 1000 1000 1000 1000 1000 1000  
chrg  70    0    0    1   49  318  797  975  998 1000 1000 1000 1000 1000 1000 1000 1000 1000 1000 1000 1000 1000 1000 1000 1000 1000 1000 1000 1000 1000 1000 1000 1000  
chrg  71    0    0   11  181  610  958  998 1000 1000 1000 1000 1000 1000 1000 1000 1000 1000 1000 1000 1000 1000 1000 1000 1000 1000 1000 1000 1000 1000 1000 1000 1000  
chrg  72    1    2   56  486  887  996 1000 1000 1000 1000 1000 1000 1000 1000 1000 1000 1000 1000 1000 1000 1000 1000 1000 1000 1000 1000 1000 1000 1000 1000 1000 1000  
chrg  73    3   14  255  760  972 1000 1000 1000 1000 1000 1000 1000 1000 1000 1000 1000 1000 1000 1000 1000 1000 1000 1000 1000 1000 1000 1000 1000 1000 1000 1000 1000  
chrg  74   50  127  560  940  999 1000 1000 1000 1000 1000 1000 1000 1000 1000 1000 1000 1000 1000 1000 1000 1000 1000 1000 1000 1000 1000 1000 1000 1000 1000 1000 1000  
chrg  75  198  361  841  994 1000 1000 1000 1000 1000 1000 1000 1000 1000 1000 1000 1000 1000 1000 1000 1000 1000 1000 1000 1000 1000 1000 1000 1000 1000 1000 1000 1000  
chrg  76  490  670  970 1000 1000 1000 1000 1000 1000 1000 1000 1000 1000 1000 1000 1000 1000 1000 1000 1000 1000 1000 1000 1000 1000 1000 1000 1000 1000 1000 1000 1000  
chrg  77  816  918  999 1000 1000 1000 1000 1000 1000 1000 1000 1000 1000 1000 1000 1000 1000 1000 1000 1000 1000 1000 1000 1000 1000 1000 1000 1000 1000 1000 1000 1000  
chrg  78  965  989 1000 1000 1000 1000 1000 1000 1000 1000 1000 1000 1000 1000 1000 1000 1000 1000 1000 1000 1000 1000 1000 1000 1000 1000 1000 1000 1000 1000 1000 1000  
chrg  79  998  999 1000 1000 1000 1000 1000 1000 1000 1000 1000 1000 1000 1000 1000 1000 1000 1000 1000 1000 1000 1000 1000 1000 1000 1000 1000 1000 1000 1000 1000 1000  
chrg  80 1000 1000 1000 1000 1000 1000 1000 1000 1000 1000 1000 1000 1000 1000 1000 1000 1000 1000 1000 1000 1000 1000 1000 1000 1000 1000 1000 1000 1000 1000 1000 1000  
chrg  81 1000 1000 1000 1000 1000 1000 1000 1000 1000 1000 1000 1000 1000 1000 1000 1000 1000 1000 1000 1000 1000 1000 1000 1000 1000 1000 1000 1000 1000 1000 1000 1000  
chrg  82 1000 1000 1000 1000 1000 1000 1000 1000 1000 1000 1000 1000 1000 1000 1000 1000 1000 1000 1000 1000 1000 1000 1000 1000 1000 1000 1000 1000 1000 1000 1000 1000  
chrg  83 1000 1000 1000 1000 1000 1000 1000 1000 1000 1000 1000 1000 1000 1000 1000 1000 1000 1000 1000 1000 1000 1000 1000 1000 1000 1000 1000 1000 1000 1000 1000 1000  
chrg  84 1000 1000 1000 1000 1000 1000 1000 1000 1000 1000 1000 1000 1000 1000 1000 1000 1000 1000 1000 1000 1000 1000 1000 1000 1000 1000 1000 1000 1000 1000 1000 1000  

